0.3377 0.9001 1
0.3692 0.1112 1
0.7803 0.3897 1
0.2417 0.4039 1
0.0965 0.132 1
0.9421 0.9561 1
0.5752 0.0598 1
0.2348 0.3532 1
0.8212 0.0154 1
0.043 0.169 1
0.6491 0.7317 1
0.6477 0.4509 1
0.547 0.2963 1
0.7447 0.189 1
0.6868 0.1835 1
0.3685 0.6256 1
0.7802 0.0811 1
0.9294 0.7757 1
0.4868 0.4359 1
0.4468 0.3063 1
0.5085 0.5108 1
0.8176 0.7948 1
0.6443 0.3786 1
0.8116 0.5328 1
0.3507 0.939 1
0.8759 0.5502 1
0.6225 0.587 1
0.2077 0.3012 1
0.4709 0.2305 1
0.8443 0.1948 1
0.2259 0.1707 1
0.2277 0.4357 1
0.3111 0.9234 1
0.4302 0.1848 1
0.9049 0.9797 1
0.4389 0.1111 1
0.2581 0.4087 1
0.5949 0.2622 1
0.6028 0.7112 1
0.2217 0.1174 1
0.2967 0.3188 1
0.4242 0.5079 1
0.0855 0.2625 1
0.801 0.0292 1
0.9289 0.7303 1
0.4886 0.5785 1
0.2373 0.4588 1
0.9631 0.5468 1
0.5211 0.2316 1
0.4889 0.6241 1
0.6791 0.3955 1
0.3674 0.988 1
0.0377 0.8852 1
0.9133 0.7962 1
0.0987 0.2619 1
0.3354 0.6797 1
0.1366 0.7212 1
0.1068 0.6538 1
0.4942 0.7791 1
0.715 0.9037 1
0.8909 0.3342 1
0.6987 0.1978 1
0.0305 0.7441 1
0.5 0.4799 1
0.9047 0.6099 1
0.6177 0.8594 1
0.8055 0.5767 1
0.1829 0.2399 1
0.8865 0.0287 1
0.4899 0.1679 1
0.9787 0.7127 1
0.5005 0.4711 1
1.6834 1.5466 -1
1.4257 1.6444 -1
1.6476 1.679 -1
1.6358 1.9452 -1
1.2089 1.7093 -1
1.2362 1.1194 -1
1.6073 1.4501 -1
1.4587 1.6619 -1
1.7703 1.3502 -1
1.662 1.4162 -1
1.8419 1.8329 -1
1.2564 1.6135 -1
1.5822 1.5407 -1
1.8699 1.2648 -1
1.3181 1.1192 -1
1.9398 1.6456 -1
1.4795 1.6393 -1
1.5447 1.6473 -1
1.5439 1.721 -1
1.5225 1.9937 -1
1.2187 1.1058 -1
1.1097 1.0636 -1
1.4046 1.4484 -1
1.3658 1.7635 -1
1.6279 1.772 -1
1.9329 1.9727 -1
1.192 1.1389 -1
1.6963 1.0938 -1
1.5254 1.5303 -1
1.8611 1.4849 -1
1.3935 1.6714 -1
1.7413 1.5201 -1
1.3477 1.15 -1
1.5861 1.2621 -1
1.0445 1.7549 -1
1.2428 1.4424 -1
1.6878 1.3592 -1
1.7363 1.3947 -1
1.6834 1.704 -1
1.4423 1.0196 -1
1.3309 1.4243 -1
1.2703 1.1971 -1
1.8217 1.4299 -1
1.8878 1.3912 -1
1.7691 1.3968 -1
1.8085 1.7551 -1
1.3774 1.216 -1
1.7904 1.9493 -1
1.3276 1.6713 -1
1.4386 1.8335 -1
1.7689 1.1673 -1
1.862 1.9899 -1
1.5144 1.8843 -1
1.588 1.1548 -1
1.1999 1.407 -1
1.7487 1.8256 -1
1.79 1.3185 -1
1.5341 1.09 -1
1.1117 1.1363 -1
1.6787 1.4952 -1
1.1897 1.495 -1
1.1476 1.055 -1